header[data-v-4d2d910e]{display:flex;flex-direction:row-reverse;justify-content:space-around;align-items:center;flex-wrap:wrap;position:fixed;width:100%;transition:background-color .5s ease;color:#0297e7;z-index:10000}header.sticky[data-v-4d2d910e]{top:0;box-shadow:0 -4px 8px #000;border-bottom:1px solid #f4f4f4}.bg-white[data-v-4d2d910e]{background-color:#fff;color:#49565d}nav[data-v-4d2d910e]{display:flex;flex-direction:row;justify-content:center;align-items:center;position:relative;order:2;margin-right:20vw;font:700 13px/1em Raleway,sans-serif}nav ul[data-v-4d2d910e]{display:flex;justify-content:flex-end;align-items:center;flex-grow:1}li[data-v-4d2d910e]{list-style-type:none}nav ul li[data-v-4d2d910e]{margin:12px 14px 18px 14px;padding:15px 3px 5px 3px;font:700 13px/1em Raleway,sans-serif;cursor:pointer;width:-moz-fit-content;width:fit-content}nav ul:not(.mobile-menu) li[data-v-4d2d910e]:hover{border-bottom:1px solid}ul:not(.mobile-menu) .languageList[data-v-4d2d910e]{align-items:center;position:absolute;top:52px;left:0}.languageList li img[data-v-4d2d910e]{width:16px;height:11px}@media (max-width:770px){header[data-v-4d2d910e]{justify-content:space-between;height:66px;background:#fff}nav[data-v-4d2d910e]{margin-right:0;height:66px}.mobileViewToggleButton[data-v-4d2d910e]{border:5px solid;border-radius:15px;transform:skewx(-30deg) scale(.7);width:80px;height:50px;margin-right:20px;padding-right:10px}.mobileViewToggleButton.active[data-v-4d2d910e]{background:#49565d}.mobileViewToggleButton.active i[data-v-4d2d910e]{color:#fff}.mobileViewToggleButton i[data-v-4d2d910e]{font-size:35px;font-weight:700;line-height:42px;transform:skewx(30deg)}.mobile-menu[data-v-4d2d910e]{display:flex;flex-direction:column;align-items:flex-start;position:absolute;top:66px;right:0;width:100vw;height:auto;max-height:500px;overflow-y:auto;background:#fff}.mobile-menu li[data-v-4d2d910e]{margin:0;margin-right:50px;padding:15px 5px 15px 5px;min-height:0;height:100%;width:calc(100% - 50px)}.languageList[data-v-4d2d910e],li.langs[data-v-4d2d910e]{padding:0;margin:0 10px 0 0;max-height:100px}.mobile-menu li[data-v-4d2d910e]:not(.langs):hover{background-color:#e8e8e8;color:#d23f2a}.slide-leave-active[data-v-4d2d910e]{max-height:500px;transition:max-height .7s}.slide-leave-to[data-v-4d2d910e]{max-height:0}.slide-enter-active[data-v-4d2d910e]{transition:max-height .7s;max-height:0}.slide-enter-to[data-v-4d2d910e]{max-height:500px}.langs>.slide-enter-to[data-v-4d2d910e]{max-height:100px}.langs>.slide-leave-to[data-v-4d2d910e]{max-height:0}}a[data-v-4d2d910e]{text-decoration:none;color:inherit}.vueperslide{white-space:normal;background-size:cover;flex-shrink:0;display:block;width:100%;position:relative}.vueperslide--clone-1{position:absolute;top:0;bottom:0;right:100%}.vueperslides--rtl .vueperslide--clone-1{right:auto;left:100%}.vueperslide[href]{-webkit-user-drag:none}.vueperslide__image{background-size:cover}.vueperslide__image,.vueperslide__loader{position:absolute;top:0;left:0;right:0;bottom:0}.vueperslide__loader{display:flex;flex-direction:column;align-items:center;justify-content:center}.vueperslide__content-wrapper:not(.vueperslide__content-wrapper--outside-top):not(.vueperslide__content-wrapper--outside-bottom){height:100%;margin:auto}.vueperslides--fade .vueperslide{position:absolute;top:0;left:0;right:0;bottom:0;opacity:0;transition:opacity ease-in-out;transition-duration:inherit}.vueperslides--fade .vueperslide--active,.vueperslides--fade .vueperslide--visible{z-index:1;opacity:1}.vueperslides--slide-image-inside .vueperslide{overflow:hidden}.vueperslides--3d .vueperslide{position:absolute;z-index:-1;height:100%}.vueperslides--3d .vueperslide--active,.vueperslides--3d .vueperslide--next-slide,.vueperslides--3d .vueperslide--previous-slide{z-index:0}.vueperslides--3d .vueperslide--active{z-index:1}.vueperslides--3d .vueperslide[face=front]{transform:rotateY(90deg) translate(-50%) rotateY(-90deg)}.vueperslides--3d .vueperslide[face=right]{transform:rotateY(90deg) translate(50%);transform-origin:100% 0}.vueperslides--3d .vueperslide[face=back]{transform:rotateY(270deg) translate(-50%) rotateY(-90deg)}.vueperslides--3d .vueperslide[face=left]{transform:rotateY(270deg) translate(-50%);transform-origin:0 0}.vueperslides:not(.no-shadow):not(.vueperslides--3d) .vueperslides__parallax-wrapper:after,.vueperslides:not(.no-shadow):not(.vueperslides--3d) .vueperslides__parallax-wrapper:before{content:"";position:absolute;bottom:100%;left:-1em;right:-1em;height:2em;box-shadow:0 0 20px #00000040;z-index:2}.vueperslides:not(.no-shadow):not(.vueperslides--3d) .vueperslides__parallax-wrapper:after{top:100%;bottom:auto}.vueperslides__arrows{color:#fff}.vueperslides__arrows--outside{color:currentColor}.vueperslides__arrow{top:50%;background-color:transparent;border:none;opacity:.7}.vueperslides--rtl .vueperslides__arrow--next,.vueperslides__arrow--prev{right:auto;left:.5em}.vueperslides--rtl .vueperslides__arrow--prev,.vueperslides__arrow--next{left:auto;right:.5em}.vueperslides__arrow:hover{opacity:1}.vueperslides--rtl .vueperslides__arrows--outside .vueperslides__arrow--next,.vueperslides__arrows--outside .vueperslides__arrow--prev{right:auto;left:-3.5em}.vueperslides--rtl .vueperslides__arrows--outside .vueperslides__arrow--prev,.vueperslides__arrows--outside .vueperslides__arrow--next{left:auto;right:-3.5em}.vueperslides__paused{top:.7em;right:.7em;opacity:0;text-shadow:0 0 3px rgba(0,0,0,.4);z-index:1}.vueperslides:hover .vueperslides__paused{opacity:1}.vueperslides__bullets:not(.vueperslides__bullets--outside){color:#fff}.vueperslides__bullet{margin:1.5em .6em;padding:0;border:none;background:none}.vueperslides__bullet .default{width:12px;height:12px;border-radius:12px;border:1px solid currentColor;background-color:transparent;box-shadow:0 0 1px #00000080,0 0 3px #0000004d;transition:.4s ease-in-out;box-sizing:border-box}.vueperslides__bullet .default span{display:none}.vueperslides__bullet--active .default{border-width:6px}.vueperslide,.vueperslide__image{background-position:50%}.vueperslide__video{outline:none}.vueperslide--no-pointer-events:before{content:"";position:absolute;top:0;bottom:0;left:0;right:0}.vueperslide__content-wrapper:not(.vueperslide__content-wrapper--outside-top):not(.vueperslide__content-wrapper--outside-bottom){display:flex;flex:1 1 auto;flex-direction:column;align-items:center;justify-content:center;text-align:center}.vueperslide--has-image-inside .vueperslide__content-wrapper,.vueperslide--has-video .vueperslide__content-wrapper,.vueperslide__content-wrapper.parallax-fixed-content{position:absolute;z-index:2;top:0;bottom:0;left:0;right:0;display:flex;flex-direction:column;justify-content:center;align-items:center;pointer-events:none}.vueperslides{position:relative}.vueperslides--fixed-height .vueperslide,.vueperslides--fixed-height .vueperslides__inner,.vueperslides--fixed-height .vueperslides__parallax-wrapper{height:inherit}.vueperslides--fixed-height .vueperslides__parallax-wrapper{padding-bottom:0!important}.vueperslides--fixed-height.vueperslides--bullets-outside{margin-bottom:4em}.vueperslides__inner{position:relative;-webkit-user-select:none;-moz-user-select:none;user-select:none}.vueperslides__parallax-wrapper{position:relative;overflow:hidden}.vueperslides--3d .vueperslides__parallax-wrapper{overflow:visible}.vueperslides__track{position:absolute;top:0;height:100%;left:0;right:0;overflow:hidden;z-index:1}.vueperslides--parallax .vueperslides__track{height:200%;transform:translateY(0)}.vueperslides--touchable .vueperslides__track{cursor:ew-resize;cursor:grab}.vueperslides--touchable .vueperslides__track--dragging,.vueperslides--touchable .vueperslides__track--mousedown{cursor:grabbing}.vueperslides--3d .vueperslides__track{overflow:visible;perspective:100em}.vueperslides__track-inner{white-space:nowrap;transition:transform .5s ease-in-out;height:100%;display:flex}.vueperslides--no-animation .vueperslides__track-inner{transition-duration:0s!important}.vueperslides--fade .vueperslides__track-inner{white-space:normal;transition:none}.vueperslides--3d .vueperslides__track-inner{transform-style:preserve-3d}.vueperslides__track--mousedown .vueperslides__track-inner{transition:transform .25s ease-in-out!important}.vueperslides__track--dragging .vueperslides__track-inner{transition:none}.vueperslides__arrow{position:absolute;font-size:inherit;color:inherit;text-align:center;transform:translateY(-50%);transition:.3s ease-in-out;cursor:pointer;-webkit-user-select:none;-moz-user-select:none;user-select:none;outline:none;z-index:2;line-height:1}.vueperslides__arrow svg{vertical-align:middle;stroke:currentColor;fill:none;width:3.5em;padding:1em;stroke-width:1;transition:.3s ease-in-out;box-sizing:border-box}.vueperslides__arrow svg:hover{stroke-width:1.3}.vueperslides__paused{position:absolute;transition:.3s ease-in-out}.vueperslides__bullets{display:flex;justify-content:center;position:absolute;bottom:0;left:0;right:0}.vueperslides__bullets--outside{position:relative}.vueperslides__bullet,.vueperslides__bullets button{cursor:pointer;-webkit-user-select:none;-moz-user-select:none;user-select:none;outline:none;z-index:2;display:flex;justify-content:center;align-items:center;color:inherit}.vueperslides__bullet::-moz-focus-inner,.vueperslides__bullets button::-moz-focus-inner{border:0}.vueperslides__fractions{position:absolute;top:.8em;left:.5em;z-index:2;padding:.2em 1em;border:1px solid hsla(0,0%,100%,.5);border-radius:2em;background:hsla(0,0%,100%,.2);color:#fff}.vueperslides__progress{position:absolute;top:0;left:0;right:0;z-index:2;height:6px;color:#000000b3}.vueperslides__progress>*{position:absolute;top:0;bottom:0;left:0;background:currentColor;transition:.3s ease-in-out}.s1[data-v-7664643b]{width:100%;height:100%;display:grid;grid-template-columns:repeat(24,1fr);grid-template-rows:auto;grid-template-areas:var(--214f3932);gap:0;align-items:end;position:relative}.s1 img[data-v-7664643b]{position:sticky;perspective:1000px}.s1i1[data-v-7664643b]{width:120%;margin-bottom:var(--212cca8a);margin-left:-7%;grid-area:var(--892db662);z-index:101;animation:animS1i1-7664643b 5s 1;transform-origin:50% 50% 0}.s1i2[data-v-7664643b]{width:100%;grid-area:s1i2;z-index:110;transform-origin:50% 50% 0;animation:animS1i2-7664643b 5s ease-in-out 1}.s1i3[data-v-7664643b]{width:100%;grid-area:s1i3;z-index:111;z-index:110;transform-origin:50% 50% 0;animation:animS1i3-7664643b 5s ease-in-out 1}.s1i4[data-v-7664643b]{width:110%;margin-bottom:20%;margin-left:-10%;grid-area:s1i4;z-index:102;z-index:110;transform-origin:50% 50% 0;animation:animS1i4-7664643b 5s ease-in-out 1}.s1i5[data-v-7664643b]{width:100%;margin-bottom:-15%;z-index:103;grid-area:s1i4;animation:animS1i5-7664643b 5s ease-in-out 1}@keyframes animS1i1-7664643b{0%{opacity:0;transform:matrix3d(1,0,0,0,0,.34202,.939693,-.0015661,0,-.939693,.34202,-.00057,0,-46.9846,-32.899,1.05483)}to{opacity:1;transform:matrix(1,0,0,1,0,0)}}@keyframes animS1i2-7664643b{0%{opacity:0;transform:var(--2df030dc)}to{opacity:1;transform:matrix(1,0,0,1,0,0)}}@keyframes animS1i3-7664643b{0%{opacity:0;transform:var(--2df0349d)}to{opacity:1;transform:matrix(1,0,0,1,0,0)}}@keyframes animS1i4-7664643b{0%{opacity:0;transform:var(--2df0385e)}to{opacity:1;transform:matrix(1,0,0,1,0,0)}}@keyframes animS1i5-7664643b{0%{opacity:0;transform:var(--2df03c1f)}to{opacity:1;transform:matrix(1,0,0,1,0,0)}}.s2[data-v-291a8634]{width:100%;height:100%;display:grid;grid-template-columns:repeat(24,1fr);grid-template-rows:auto repeat(6,1fr);gap:0;align-items:end;overflow:hidden}.s2 img[data-v-291a8634]{width:100%}.s2i1[data-v-291a8634]{grid-area:s2i1;grid-column:1/-1;grid-row:1/1;z-index:100;animation:anim1-291a8634 4s ease-in-out 1}.s2i2[data-v-291a8634]{grid-area:s2i2;grid-column:var(--555aff20);grid-row:var(--53b43e02);z-index:107;margin-bottom:var(--40fd06ae);margin-top:var(--3f01b88a);animation:anim2-291a8634 4s ease-in-out 1}.s2i3[data-v-291a8634]{grid-area:s2i3;grid-column:var(--555aff1e);grid-row:var(--53b43e00);z-index:111;animation:anim3-291a8634 4s ease-in-out 1}.s2i4[data-v-291a8634]{grid-area:s2i4;grid-column:var(--555aff1c);grid-row:var(--53b43dfe);z-index:102;margin-left:var(--3fe33096);animation:anim4-291a8634 4s ease-in-out 1}.s2i5[data-v-291a8634]{grid-area:s2i5;grid-column:var(--555aff1a);grid-row:var(--53b43dfc);z-index:103;margin-left:var(--3fe33094);transform-origin:50% 50% 0;animation:anim5-291a8634 4s ease-in-out 1}@keyframes anim1-291a8634{0%{transform:matrix(1,0,0,1,0,-354);opacity:0}to{transform:matrix(1,0,0,1,0,0);opacity:1}}@keyframes anim2-291a8634{0%{transform:matrix(1,0,0,1,527,0);opacity:0}to{transform:matrix(1,0,0,1,0,0);opacity:1}}@keyframes anim3-291a8634{0%{transform:matrix(1,0,0,1,0,527);opacity:0}to{transform:matrix(1,0,0,1,0,0);opacity:1}}@keyframes anim4-291a8634{0%{transform:matrix3d(1,0,0,0,0,.34202,.939693,-.0015661,0,-.939693,.34202,-.00057,0,-46.9846,-32.899,1.05483);opacity:0}to{transform:matrix(1,0,0,1,0,0);opacity:1}}@keyframes anim5-291a8634{0%{transform:matrix3d(1,0,0,0,0,.34202,.939693,-.0015661,0,-.939693,.34202,-.00057,0,-46.9846,-32.899,1.05483);opacity:0}to{transform:matrix(1,0,0,1,0,0);opacity:1}}.s3[data-v-28326a9e]{width:100%;height:100%;display:grid;grid-template-columns:repeat(100,1fr);grid-template-rows:auto repeat(2,1fr);align-content:space-around;gap:0;align-items:end;overflow:hidden;justify-items:center;position:var(--50f834de);transform-style:preserve-3d}.s3[data-v-28326a9e]:before{content:"";position:absolute;top:0;right:0;bottom:0;left:0;background-image:url(/AlFakher/img/slide-3-bg.8d1d9120.jpg);z-index:-1;animation:slideRight-28326a9e 4s ease-in-out 1}img[data-v-28326a9e]{position:var(--250efc9a)}.upperRow[data-v-28326a9e]{grid-column:1/-1;grid-row:1/2;display:flex;justify-content:center}.bottomRow[data-v-28326a9e]{grid-column:1/-1;grid-row:2/3;display:flex;flex-direction:row;justify-content:center}.bottomRow img[data-v-28326a9e]{aspect-ratio:6/7;margin-inline:-3.6%;height:100%;max-height:100vw}.s3i1[data-v-28326a9e]{margin-bottom:var(--004b16cf);width:var(--195cd12d);max-width:492px;inset:var(--08388302);transform-origin:50% 50% 0;animation:animS3i1-28326a9e 4s ease-in-out 1}.s3i2[data-v-28326a9e]{width:var(--195cd12e);max-width:394px;inset:var(--08388300);transform-origin:50% 50% 0;animation:animS3i2-28326a9e 4s ease-in-out 1}.s3i3[data-v-28326a9e]{width:var(--195cd12f);max-width:392px;inset:var(--083882fe);transform-origin:50% 50% 0;animation:animS3i3-28326a9e 4s ease-in-out 1}.s3i4[data-v-28326a9e]{width:var(--195cd130);max-width:471px;margin-block:-4%;inset:var(--083882fc);z-index:9;font-family:Roboto;overflow:hidden;transform-origin:50% 50% 0;animation:animS3i4-28326a9e 4s ease-in-out 1}@keyframes slideRight-28326a9e{0%{transform:translateX(95vw)}to{transform:translateX(0)}}@keyframes animS3i1-28326a9e{0%{opacity:0;transform:matrix3d(1,0,0,0,0,1,0,0,0,0,1,-.0016666,0,0,0,1)}2%{transform:matrix3d(.938619,0,.344955,-.0005749,0,1,0,0,-.344955,0,.938619,-.0015643,0,0,0,1)}3%{transform:matrix3d(.862813,0,.505524,-.0008425,0,1,0,0,-.505524,0,.862813,-.001438,0,0,0,1)}4%{transform:matrix3d(.593983,0,.804477,-.0013407,0,1,0,0,-.804477,0,.593983,-.0009899,0,0,0,1)}5%{transform:matrix3d(.441275,0,.897372,-.0014956,0,1,0,0,-.897372,0,.441275,-.0007354,0,0,0,1)}6%{transform:matrix3d(.0708844,0,.997485,-.0016624,0,1,0,0,-.997485,0,.0708844,-.0001181,0,0,0,1)}7%{transform:matrix3d(-.0968992,0,.995294,-.0016588,0,1,0,0,-.995294,0,-.0968992,.0001614,0,0,0,1)}8%{transform:matrix3d(-.358048,0,.933703,-.0015561,0,1,0,0,-.933703,0,-.358048,.0005967,0,0,0,1)}9%{transform:matrix3d(-.461346,0,.88722,-.0014787,0,1,0,0,-.88722,0,-.461346,.0007689,0,0,0,1)}10%{transform:matrix3d(-.641375,0,.767228,-.0012787,0,1,0,0,-.767228,0,-.641375,.0010689,0,0,0,1)}11%{transform:matrix3d(-.724071,0,.689726,-.0011495,0,1,0,0,-.689726,0,-.724071,.0012067,0,0,0,1)}12%{transform:matrix3d(-.889951,0,.456056,-.00076,0,1,0,0,-.456056,0,-.889951,.0014832,0,0,0,1)}13%{transform:matrix3d(-.946166,0,.323681,-.0005394,0,1,0,0,-.323681,0,-.946166,.0015769,0,0,0,1)}14%{transform:matrix3d(-.994597,0,.103813,-.000173,0,1,0,0,-.103813,0,-.994597,.0016576,0,0,0,1)}15%{transform:matrix3d(-.999996,0,.0029005,-.0000048,0,1,0,0,-.0029005,0,-.999996,.0016666,0,0,0,1)}16%{transform:matrix3d(-.980362,0,-.197204,.0003286,0,1,0,0,.197204,0,-.980362,.0016339,0,0,0,1)}17%{transform:matrix3d(-.955723,0,-.294268,.0004904,0,1,0,0,.294268,0,-.955723,.0015928,0,0,0,1)}18%{transform:matrix3d(-.870959,0,-.491356,.0008189,0,1,0,0,.491356,0,-.870959,.0014515,0,0,0,1)}19%{transform:matrix3d(-.813958,0,-.580924,.0009682,0,1,0,0,.580924,0,-.813958,.0013565,0,0,0,1)}20%{transform:matrix3d(-.675265,0,-.737576,.0012292,0,1,0,0,.737576,0,-.675265,.0011254,0,0,0,1)}21%{transform:matrix3d(-.595632,0,-.803257,.0013387,0,1,0,0,.803257,0,-.595632,.0009927,0,0,0,1)}22%{transform:matrix3d(-.424456,0,-.905449,.001509,0,1,0,0,.905449,0,-.424456,.0007074,0,0,0,1)}23%{transform:matrix3d(-.332064,0,-.943257,.001572,0,1,0,0,.943257,0,-.332064,.0005534,0,0,0,1)}24%{transform:matrix3d(-.0878914,0,-.99613,.0016602,0,1,0,0,.99613,0,-.0878914,.0001464,0,0,0,1)}25%{transform:matrix3d(.0064642,0,-.999979,.0016666,0,1,0,0,.999979,0,.0064642,-.0000107,0,0,0,1)}26%{transform:matrix3d(.30996,0,-.95075,.0015845,0,1,0,0,.95075,0,.30996,-.0005165,0,0,0,1)}27%{transform:matrix3d(.328673,0,-.944444,.001574,0,1,0,0,.944444,0,.328673,-.0005477,0,0,0,1)}28%{transform:matrix3d(.480834,0,-.876811,.0014613,0,1,0,0,.876811,0,.480834,-.0008013,0,0,0,1)}29%{transform:matrix3d(.554554,0,-.832148,.0013869,0,1,0,0,.832148,0,.554554,-.0009242,0,0,0,1)}30%{transform:matrix3d(.67252,0,-.740079,.0012334,0,1,0,0,.740079,0,.67252,-.0011208,0,0,0,1)}31%{transform:matrix3d(.725337,0,-.688394,.0011473,0,1,0,0,.688394,0,.725337,-.0012088,0,0,0,1)}32%{transform:matrix3d(.814816,0,-.579719,.0009661,0,1,0,0,.579719,0,.814816,-.001358,0,0,0,1)}33%{transform:matrix3d(.903942,0,-.427655,.0007127,0,1,0,0,.427655,0,.903942,-.0015065,0,0,0,1)}34%{transform:matrix3d(.924703,0,-.380689,.0006344,0,1,0,0,.380689,0,.924703,-.0015411,0,0,0,1)}35%{transform:matrix3d(.958614,0,-.284707,.0004745,0,1,0,0,.284707,0,.958614,-.0015976,0,0,0,1)}36%{transform:matrix3d(.971714,0,-.236162,.0003936,0,1,0,0,.236162,0,.971714,-.0016195,0,0,0,1)}37%{transform:matrix3d(.998102,0,-.0615866,.0001026,0,1,0,0,.0615866,0,.998102,-.0016635,0,0,0,1)}38%{transform:matrix3d(.997902,0,.0647482,-.0001079,0,1,0,0,-.0647482,0,.997902,-.0016631,0,0,0,1)}39%{transform:matrix3d(.995037,0,.0995046,-.0001658,0,1,0,0,-.0995046,0,.995037,-.0016583,0,0,0,1)}40%{transform:matrix3d(.985108,0,.171938,-.0002865,0,1,0,0,-.171938,0,.985108,-.0016418,0,0,0,1)}41%{transform:matrix3d(.961877,0,.273482,-.0004558,0,1,0,0,-.273482,0,.961877,-.0016031,0,0,0,1)}42%{transform:matrix3d(.947123,0,.320869,-.0005347,0,1,0,0,-.320869,0,.947123,-.0015785,0,0,0,1)}43%{transform:matrix3d(.933493,0,.358595,-.0005976,0,1,0,0,-.358595,0,.933493,-.0015558,0,0,0,1)}44%{transform:matrix3d(.923107,0,.384544,-.0006409,0,1,0,0,-.384544,0,.923107,-.0015385,0,0,0,1)}45%{transform:matrix3d(.891285,0,.453443,-.0007557,0,1,0,0,-.453443,0,.891285,-.0014854,0,0,0,1)}46%{transform:matrix3d(.873256,0,.487262,-.0008121,0,1,0,0,-.487262,0,.873256,-.0014554,0,0,0,1)}47%{transform:matrix3d(.86294,0,.505306,-.0008421,0,1,0,0,-.505306,0,.86294,-.0014382,0,0,0,1)}48%{transform:matrix3d(.848365,0,.529411,-.0008823,0,1,0,0,-.529411,0,.848365,-.0014139,0,0,0,1)}49%{transform:matrix3d(.833033,0,.553224,-.000922,0,1,0,0,-.553224,0,.833033,-.0013883,0,0,0,1)}50%{transform:matrix3d(.828843,0,.559481,-.0009324,0,1,0,0,-.559481,0,.828843,-.0013814,0,0,0,1)}51%{transform:matrix3d(.824343,0,.566091,-.0009434,0,1,0,0,-.566091,0,.824343,-.0013739,0,0,0,1)}52%{transform:matrix3d(.821286,0,.570517,-.0009508,0,1,0,0,-.570517,0,.821286,-.0013688,0,0,0,1)}53%{transform:matrix3d(.813857,0,.581066,-.0009684,0,1,0,0,-.581066,0,.813857,-.0013564,0,0,0,1)}54%{transform:matrix3d(.81048,0,.585766,-.0009762,0,1,0,0,-.585766,0,.81048,-.0013507,0,0,0,1)}55%{transform:matrix3d(.809636,0,.586932,-.0009782,0,1,0,0,-.586932,0,.809636,-.0013493,0,0,0,1)}56%{transform:matrix3d(.809003,0,.587804,-.0009796,0,1,0,0,-.587804,0,.809003,-.0013483,0,0,0,1)}57%{transform:matrix3d(.810405,0,.58587,-.0009764,0,1,0,0,-.58587,0,.810405,-.0013506,0,0,0,1)}58%{transform:matrix3d(.811508,0,.584341,-.0009739,0,1,0,0,-.584341,0,.811508,-.0013525,0,0,0,1)}59%{transform:matrix3d(.814683,0,.579907,-.0009665,0,1,0,0,-.579907,0,.814683,-.0013578,0,0,0,1)}60%{transform:matrix3d(.816316,0,.577605,-.0009626,0,1,0,0,-.577605,0,.816316,-.0013605,0,0,0,1)}61%{transform:matrix3d(.826477,0,.56297,-.0009382,0,1,0,0,-.56297,0,.826477,-.0013774,0,0,0,1)}62%{transform:matrix3d(.833372,0,.552713,-.0009211,0,1,0,0,-.552713,0,.833372,-.0013889,0,0,0,1)}63%{transform:matrix3d(.837826,0,.545937,-.0009098,0,1,0,0,-.545937,0,.837826,-.0013963,0,0,0,1)}64%{transform:matrix3d(.846985,0,.531617,-.000886,0,1,0,0,-.531617,0,.846985,-.0014116,0,0,0,1)}65%{transform:matrix3d(.859966,0,.510352,-.0008505,0,1,0,0,-.510352,0,.859966,-.0014332,0,0,0,1)}66%{transform:matrix3d(.86161,0,.50757,-.0008459,0,1,0,0,-.50757,0,.86161,-.001436,0,0,0,1)}67%{transform:matrix3d(.872078,0,.489366,-.0008156,0,1,0,0,-.489366,0,.872078,-.0014534,0,0,0,1)}68%{transform:matrix3d(.876468,0,.48146,-.0008024,0,1,0,0,-.48146,0,.876468,-.0014607,0,0,0,1)}69%{transform:matrix3d(.889025,0,.457859,-.000763,0,1,0,0,-.457859,0,.889025,-.0014817,0,0,0,1)}70%{transform:matrix3d(.898517,0,.438938,-.0007315,0,1,0,0,-.438938,0,.898517,-.0014975,0,0,0,1)}71%{transform:matrix3d(.902947,0,.429752,-.0007162,0,1,0,0,-.429752,0,.902947,-.0015049,0,0,0,1)}72%{transform:matrix3d(.910383,0,.413766,-.0006896,0,1,0,0,-.413766,0,.910383,-.0015173,0,0,0,1)}73%{transform:matrix3d(.922272,0,.386543,-.0006442,0,1,0,0,-.386543,0,.922272,-.0015371,0,0,0,1)}74%{transform:matrix3d(.926418,0,.376497,-.0006274,0,1,0,0,-.376497,0,.926418,-.001544,0,0,0,1)}75%{transform:matrix3d(.934122,0,.356954,-.0005949,0,1,0,0,-.356954,0,.934122,-.0015568,0,0,0,1)}76%{transform:matrix3d(.937681,0,.347496,-.0005791,0,1,0,0,-.347496,0,.937681,-.0015628,0,0,0,1)}77%{transform:matrix3d(.948462,0,.31689,-.0005281,0,1,0,0,-.31689,0,.948462,-.0015807,0,0,0,1)}78%{transform:matrix3d(.953859,0,.300255,-.0005004,0,1,0,0,-.300255,0,.953859,-.0015897,0,0,0,1)}79%{transform:matrix3d(.956304,0,.292373,-.0004872,0,1,0,0,-.292373,0,.956304,-.0015938,0,0,0,1)}80%{transform:matrix3d(.959094,0,.283088,-.0004718,0,1,0,0,-.283088,0,.959094,-.0015984,0,0,0,1)}81%{transform:matrix3d(.967242,0,.253855,-.000423,0,1,0,0,-.253855,0,.967242,-.001612,0,0,0,1)}82%{transform:matrix3d(.971675,0,.23632,-.0003938,0,1,0,0,-.23632,0,.971675,-.0016194,0,0,0,1)}83%{transform:matrix3d(.974179,0,.225776,-.0003762,0,1,0,0,-.225776,0,.974179,-.0016236,0,0,0,1)}84%{transform:matrix3d(.978402,0,.206712,-.0003445,0,1,0,0,-.206712,0,.978402,-.0016306,0,0,0,1)}85%{transform:matrix3d(.98536,0,.170488,-.0002841,0,1,0,0,-.170488,0,.98536,-.0016422,0,0,0,1)}86%{transform:matrix3d(.987893,0,.155135,-.0002585,0,1,0,0,-.155135,0,.987893,-.0016464,0,0,0,1)}87%{transform:matrix3d(.989231,0,.146366,-.0002439,0,1,0,0,-.146366,0,.989231,-.0016487,0,0,0,1)}88%{transform:matrix3d(.992016,0,.126116,-.0002101,0,1,0,0,-.126116,0,.992016,-.0016533,0,0,0,1)}89%{transform:matrix3d(.995325,0,.0965811,-.0001609,0,1,0,0,-.0965811,0,.995325,-.0016588,0,0,0,1)}90%{transform:matrix3d(.996021,0,.0891163,-.0001485,0,1,0,0,-.0891163,0,.996021,-.00166,0,0,0,1)}91%{transform:matrix3d(.997612,0,.0690717,-.0001151,0,1,0,0,-.0690717,0,.997612,-.0016626,0,0,0,1)}92%{transform:matrix3d(.999075,0,.0429948,-.0000716,0,1,0,0,-.0429948,0,.999075,-.0016651,0,0,0,1)}93%{transform:matrix3d(.999496,0,.0317379,-.0000528,0,1,0,0,-.0317379,0,.999496,-.0016658,0,0,0,1)}94%{transform:matrix3d(.999774,0,.0212504,-.0000354,0,1,0,0,-.0212504,0,.999774,-.0016662,0,0,0,1)}95%{transform:matrix3d(.999901,0,.0140996,-.0000234,0,1,0,0,-.0140996,0,.999901,-.0016665,0,0,0,1)}96%{transform:matrix3d(.999986,0,.005323,-.0000088,0,1,0,0,-.005323,0,.999986,-.0016666,0,0,0,1)}97%{transform:matrix3d(.999996,0,.0026731,-.0000044,0,1,0,0,-.0026731,0,.999996,-.0016666,0,0,0,1)}98%{transform:matrix3d(.999999,0,.001135,-.0000018,0,1,0,0,-.001135,0,.999999,-.0016666,0,0,0,1)}99%{transform:matrix3d(1,0,.0003355,0,0,1,0,0,-.0003355,0,1,-.0016666,0,0,0,1)}to{opacity:1;transform:matrix3d(1,0,.0000842,0,0,1,0,0,-.0000842,0,1,-.0016666,0,0,0,1)}}@keyframes animS3i18-28326a9e{0%{transform:rotateY(0deg)}33%{transform:rotateY(-90deg)}66%{transform:rotateY(90deg)}to{transform:rotateY(0deg)}}@keyframes animS3i2-28326a9e{0%{opacity:0;transform:var(--79fa6050)}to{opacity:1;transform:matrix(1,0,0,1,0,0)}}@keyframes animS3i3-28326a9e{0%{opacity:0;transform:var(--79fa6411)}to{opacity:1;transform:matrix(1,0,0,1,0,0)}}@keyframes animS3i4-28326a9e{0%{opacity:0;transform:var(--79fa67d2)}to{opacity:1;transform:matrix(1,0,0,1,0,0)}}.vueperslide[data-v-b8cb33d8]{display:none}.vueperslide--active[data-v-b8cb33d8]{display:grid}.s2[data-v-b8cb33d8]{background-color:transparent;animation:fadeIn-b8cb33d8 4s ease-out}@keyframes fadeIn-b8cb33d8{0%{opacity:0;background:radial-gradient(circle,#fff,#fff)}80%{opacity:.7;background:radial-gradient(circle,hsla(0,0%,100%,0),#fff)}to{opacity:1;background:radial-gradient(circle,transparent,transparent)}}@font-face{font-family:Noto Kufi Arabic;font-style:normal;font-weight:100;src:url(https://fonts.gstatic.com/s/notokufiarabic/v17/CSRk4ydQnPyaDxEXLFF6LZVLKrodrOYFFg.woff2) format("woff2");unicode-range:u+06??,u+0750-077f,u+0870-088e,u+0890-0891,u+0898-08e1,u+08e3-08ff,u+200c-200e,u+2010-2011,u+204f,u+2e41,u+fb50-fdff,u+fe70-fe74,u+fe76-fefc,u+00??,u+0131,u+0152-0153,u+02bb-02bc,u+02c6,u+02da,u+02dc,u+0304,u+0308,u+0329,u+2000-206f,u+2074,u+20ac,u+2122,u+2191,u+2193,u+2212,u+2215,u+feff,u+fffd}@font-face{font-family:Noto Kufi Arabic;font-style:normal;font-weight:200;src:url(https://fonts.gstatic.com/s/notokufiarabic/v17/CSRk4ydQnPyaDxEXLFF6LZVLKrodrOYFFg.woff2) format("woff2");unicode-range:u+06??,u+0750-077f,u+0870-088e,u+0890-0891,u+0898-08e1,u+08e3-08ff,u+200c-200e,u+2010-2011,u+204f,u+2e41,u+fb50-fdff,u+fe70-fe74,u+fe76-fefc,u+00??,u+0131,u+0152-0153,u+02bb-02bc,u+02c6,u+02da,u+02dc,u+0304,u+0308,u+0329,u+2000-206f,u+2074,u+20ac,u+2122,u+2191,u+2193,u+2212,u+2215,u+feff,u+fffd}@font-face{font-family:Noto Kufi Arabic;font-style:normal;font-weight:300;src:url(https://fonts.gstatic.com/s/notokufiarabic/v17/CSRk4ydQnPyaDxEXLFF6LZVLKrodrOYFFg.woff2) format("woff2");unicode-range:u+06??,u+0750-077f,u+0870-088e,u+0890-0891,u+0898-08e1,u+08e3-08ff,u+200c-200e,u+2010-2011,u+204f,u+2e41,u+fb50-fdff,u+fe70-fe74,u+fe76-fefc,u+00??,u+0131,u+0152-0153,u+02bb-02bc,u+02c6,u+02da,u+02dc,u+0304,u+0308,u+0329,u+2000-206f,u+2074,u+20ac,u+2122,u+2191,u+2193,u+2212,u+2215,u+feff,u+fffd}@font-face{font-family:Noto Kufi Arabic;font-style:normal;font-weight:400;src:url(https://fonts.gstatic.com/s/notokufiarabic/v17/CSRk4ydQnPyaDxEXLFF6LZVLKrodrOYFFg.woff2) format("woff2");unicode-range:u+06??,u+0750-077f,u+0870-088e,u+0890-0891,u+0898-08e1,u+08e3-08ff,u+200c-200e,u+2010-2011,u+204f,u+2e41,u+fb50-fdff,u+fe70-fe74,u+fe76-fefc,u+00??,u+0131,u+0152-0153,u+02bb-02bc,u+02c6,u+02da,u+02dc,u+0304,u+0308,u+0329,u+2000-206f,u+2074,u+20ac,u+2122,u+2191,u+2193,u+2212,u+2215,u+feff,u+fffd}@font-face{font-family:Noto Kufi Arabic;font-style:normal;font-weight:500;src:url(https://fonts.gstatic.com/s/notokufiarabic/v17/CSRk4ydQnPyaDxEXLFF6LZVLKrodrOYFFg.woff2) format("woff2");unicode-range:u+06??,u+0750-077f,u+0870-088e,u+0890-0891,u+0898-08e1,u+08e3-08ff,u+200c-200e,u+2010-2011,u+204f,u+2e41,u+fb50-fdff,u+fe70-fe74,u+fe76-fefc,u+00??,u+0131,u+0152-0153,u+02bb-02bc,u+02c6,u+02da,u+02dc,u+0304,u+0308,u+0329,u+2000-206f,u+2074,u+20ac,u+2122,u+2191,u+2193,u+2212,u+2215,u+feff,u+fffd}@font-face{font-family:Noto Kufi Arabic;font-style:normal;font-weight:600;src:url(https://fonts.gstatic.com/s/notokufiarabic/v17/CSRk4ydQnPyaDxEXLFF6LZVLKrodrOYFFg.woff2) format("woff2");unicode-range:u+06??,u+0750-077f,u+0870-088e,u+0890-0891,u+0898-08e1,u+08e3-08ff,u+200c-200e,u+2010-2011,u+204f,u+2e41,u+fb50-fdff,u+fe70-fe74,u+fe76-fefc,u+00??,u+0131,u+0152-0153,u+02bb-02bc,u+02c6,u+02da,u+02dc,u+0304,u+0308,u+0329,u+2000-206f,u+2074,u+20ac,u+2122,u+2191,u+2193,u+2212,u+2215,u+feff,u+fffd}@font-face{font-family:Noto Kufi Arabic;font-style:normal;font-weight:700;src:url(https://fonts.gstatic.com/s/notokufiarabic/v17/CSRk4ydQnPyaDxEXLFF6LZVLKrodrOYFFg.woff2) format("woff2");unicode-range:u+06??,u+0750-077f,u+0870-088e,u+0890-0891,u+0898-08e1,u+08e3-08ff,u+200c-200e,u+2010-2011,u+204f,u+2e41,u+fb50-fdff,u+fe70-fe74,u+fe76-fefc,u+00??,u+0131,u+0152-0153,u+02bb-02bc,u+02c6,u+02da,u+02dc,u+0304,u+0308,u+0329,u+2000-206f,u+2074,u+20ac,u+2122,u+2191,u+2193,u+2212,u+2215,u+feff,u+fffd}@font-face{font-family:Noto Kufi Arabic;font-style:normal;font-weight:800;src:url(https://fonts.gstatic.com/s/notokufiarabic/v17/CSRk4ydQnPyaDxEXLFF6LZVLKrodrOYFFg.woff2) format("woff2");unicode-range:u+06??,u+0750-077f,u+0870-088e,u+0890-0891,u+0898-08e1,u+08e3-08ff,u+200c-200e,u+2010-2011,u+204f,u+2e41,u+fb50-fdff,u+fe70-fe74,u+fe76-fefc,u+00??,u+0131,u+0152-0153,u+02bb-02bc,u+02c6,u+02da,u+02dc,u+0304,u+0308,u+0329,u+2000-206f,u+2074,u+20ac,u+2122,u+2191,u+2193,u+2212,u+2215,u+feff,u+fffd}@font-face{font-family:Noto Kufi Arabic;font-style:normal;font-weight:900;src:url(https://fonts.gstatic.com/s/notokufiarabic/v17/CSRk4ydQnPyaDxEXLFF6LZVLKrodrOYFFg.woff2) format("woff2");unicode-range:u+06??,u+0750-077f,u+0870-088e,u+0890-0891,u+0898-08e1,u+08e3-08ff,u+200c-200e,u+2010-2011,u+204f,u+2e41,u+fb50-fdff,u+fe70-fe74,u+fe76-fefc,u+00??,u+0131,u+0152-0153,u+02bb-02bc,u+02c6,u+02da,u+02dc,u+0304,u+0308,u+0329,u+2000-206f,u+2074,u+20ac,u+2122,u+2191,u+2193,u+2212,u+2215,u+feff,u+fffd}.container[data-v-74e6d900]{display:flex;background:#c5bdba;padding:50px 15px;color:#49565d}img[data-v-74e6d900]{width:20.8vw;height:20.8vw;max-width:260px;max-height:260px}h2[data-v-74e6d900],h3[data-v-74e6d900]{text-align:center;padding:10px;font:400 44px/1.2em "PT Serif",sans-serif}h3[data-v-74e6d900]{font:400 30px/1.2em "PT Serif",sans-serif}p[data-v-74e6d900]{padding:10px 2rem}@media (max-width:770px){.container[data-v-74e6d900]{flex-direction:column-reverse;justify-content:space-between;align-items:center}img[data-v-74e6d900]{width:80vw;height:80vw;max-width:100vw;max-height:100vw}h2[data-v-74e6d900],h3[data-v-74e6d900]{margin-top:80px}}.container[data-v-51780637]{display:grid;grid-template-areas:"top top top" "right . left" "right . left";grid-template-columns:1fr 0fr 1fr;grid-template-rows:auto auto auto;justify-items:center;align-items:flex-start;background-color:#dfd7d4;max-width:100vw;min-height:100vh}.top[data-v-51780637]{grid-area:top;width:100%;height:80px;text-align:center;color:#fff;background-image:url(https://dogucazibesi.com/imgs/1920-450.jpg?id=505)}.left[data-v-51780637]{grid-area:left;justify-content:flex-start}.left[data-v-51780637],.right[data-v-51780637]{padding:2.5vw 0 20px 0;max-width:50vw;min-height:-moz-fit-content;min-height:fit-content;width:100%}.right[data-v-51780637]{grid-area:right;display:grid;grid-template-areas:"top-left top-right" "bottom bottom";grid-template-columns:1fr 1fr;grid-template-rows:auto auto;text-align:center;justify-items:end}.right1[data-v-51780637]{grid-area:top-right}.right2[data-v-51780637]{grid-area:top-left}.right3[data-v-51780637]{grid-area:bottom;display:flex;flex-direction:column;justify-content:center;align-items:center;width:100%}.left img[data-v-51780637]{width:37vw;min-width:450px}.right img[data-v-51780637]{width:18vw;height:18vw;min-width:210px;min-height:210px;border-radius:50%;transition:transform .5s ease}.right3 img[data-v-51780637]{height:20vw;width:20vw;min-width:310px;min-height:310px}.right img[data-v-51780637]:hover{transform:scale(2)}.right figure[data-v-51780637]{border-radius:50%;position:relative;overflow:hidden;width:-moz-fit-content;width:fit-content;height:-moz-fit-content;height:fit-content}h4[data-v-51780637]{padding-bottom:20px;font-size:21px;font-weight:400}@media (max-width:840px){.container[data-v-51780637]{flex-direction:column}.container[data-v-51780637],.left[data-v-51780637]{display:flex;justify-content:center;align-items:center}.left[data-v-51780637]{max-width:100vw;width:100%}.left img[data-v-51780637]{max-width:100vw;width:80vw}.right[data-v-51780637]{max-width:100vw;width:100%;display:flex;flex-direction:column;align-items:center;justify-content:space-between}.right img[data-v-51780637]{height:50vw;width:50vw;min-width:310px;min-height:310px}}.container[data-v-5165d432]{background:#c5bdba;display:grid;grid-template-areas:"top top top" "right . left" "right . left";grid-template-columns:1fr 0fr 1fr;grid-template-rows:auto auto auto;margin-top:20px}.top[data-v-5165d432]{grid-area:top;text-align:center;display:flex;flex-direction:column;width:100%;padding:50px 10px;gap:10px}.top h2[data-v-5165d432]{font-size:44px;font-weight:700}.top i[data-v-5165d432]{color:red}.top .contactInfo[data-v-5165d432],.top .social[data-v-5165d432]{display:flex;flex-direction:row-reverse;justify-content:center;gap:10px}.left[data-v-5165d432]{grid-area:left;padding:0 10px}.right[data-v-5165d432]{grid-area:right}.right form[data-v-5165d432]{display:flex;flex-direction:column;justify-content:center;width:100%;height:100%;padding:0 10px;gap:20px;color:#283135;font:400 15px/1.6em Raleway,sans-serif}.right form input[data-v-5165d432]{height:44px;padding:6px 12px;border:1px solid #d6d6d6;border-radius:2px}.right form textarea[data-v-5165d432]{height:110px;display:block;width:100%;padding:6px 12px;border:1px solid #d6d6d6;border-radius:2px}.right form input[type=submit][data-v-5165d432]{background-color:#d21e2b;border-color:#d21e2b;padding:8px 53px 8px 53px;color:#fff;font:700 15px/1.6em Raleway,sans-serif;transition:all .3s ease}.right form input[type=submit][data-v-5165d432]:hover{color:#d21e2b;border-color:#d21e2b;background-color:#fff;color:#21baa3;box-shadow:none}@media (max-width:770px){.container[data-v-5165d432]{display:flex;flex-direction:column;gap:20px}}.part[data-v-1ee5faf1]{display:flex;flex-direction:column;justify-content:center;align-items:center;text-align:center;color:#fff;max-width:250px}P[data-v-1ee5faf1]{justify-content:baseline}.details[data-v-1ee5faf1]{margin-top:20px}.stars[data-v-1ee5faf1]{color:green;padding:5px;font-size:20px;font-weight:900}.customersSection[data-v-2c893287]{display:flex;justify-content:center;align-items:center;background-repeat:repeat;gap:5vw;padding:60px 20px;min-height:100%}@media (max-width:800px){.customersSection[data-v-2c893287]{display:flex;flex-direction:column;justify-content:center;align-items:center;background-repeat:repeat}}.vueperslide[data-v-0234c36d]{display:inline-block}.vueperslide--active[data-v-0234c36d]{display:block}.footer[data-v-631afd69]{width:100%;height:40px;background-color:#f22;color:#fff;display:flex;justify-content:center;align-items:center;margin-top:20px}.scrolltotop[data-v-631afd69],.wa[data-v-631afd69]{display:flex;align-items:center;justify-content:center;position:fixed;bottom:30px;right:30px;background:#20949c;color:#fff;z-index:99999;width:50px;height:50px;border-radius:50%;font-size:30px;box-shadow:2px 2px rgba(2,2,2,.7)}.wa[data-v-631afd69]{left:30px;right:90%}.wrapper[data-v-6b29b92d]{display:flex;flex-direction:column;justify-content:space-arround;align-items:center;padding:30px 20px;color:#49565d}.container[data-v-6b29b92d]{display:flex;flex-direction:row-reverse;width:100%;justify-content:space-evenly}.certificate[data-v-6b29b92d]{display:flex;justify-content:space-evenly;flex-direction:row;width:25vw;height:25vw;position:relative;box-shadow:1px 1px 3px rgba(0,0,0,.3);border:2px solid #fff}.certificate img[data-v-6b29b92d]{max-width:25vw;max-height:25vw;z-index:1000;transition:all .5s ease-in}.certificate:hover img[data-v-6b29b92d]{transform:scale(.5);margin:auto}.certificate .certName[data-v-6b29b92d]{position:absolute;z-index:100;background:#f4ca88;transition:all .5s ease-in;transform:scale(0);margin:auto;height:100%;width:100%}.certificate h3[data-v-6b29b92d]{font-size:22px;font-weight:700}.certificate span[data-v-6b29b92d]{border-bottom:1px dotted #49565d}.certificate:hover .certName[data-v-6b29b92d]{transform:scale(1);margin:auto}.certificate h2[data-v-6b29b92d]{padding:10px;font-size:44px;font-weight:400}.modal[data-v-6b29b92d]{position:fixed;top:0;left:0;z-index:1099;width:100%;height:100%;background-color:rgba(0,0,0,.8);display:flex;justify-content:center;align-items:center;flex:0 1 auto}.modal img[data-v-6b29b92d]{max-width:100vw}.modal button[data-v-6b29b92d]{position:absolute;top:50%;transform:translateY(-50%);width:50px;height:50px;background:rgba(0,0,0,.3);border:none;padding:0;cursor:pointer;color:#fff;font-size:large}.modal button[data-v-6b29b92d]:hover{color:#d2691e}.modal button[data-v-6b29b92d]:first-child{left:0;border-radius:100px 0 0 100px}.modal button[data-v-6b29b92d]:last-child{right:0;border-radius:0 100px 100px 0}.modal button[data-v-6b29b92d]:nth-child(2){transform:translateX(var(--dd1bd26c)) translateY(var(--dd1bd26a));border-radius:50px 50px 50px 50px}.products-section[data-v-6372a716]{background-color:#dfd7d4;padding:60px 15px 15px 15px;color:#49565d;position:relative}.section-header[data-v-6372a716]{text-align:center;font-weight:400;font-size:2.8em;padding-bottom:60px}.productsPages[data-v-6372a716]{border:1px solid #000;padding:1em;position:static}.pagination button[data-v-6372a716]{border:1px solid #e3e3e3;border-bottom:none;padding:1em;background-color:#ebebeb;border-radius:10px 10px 0 0;color:#666;padding:14px 20px;font-size:14px;font-weight:500;cursor:pointer;transition:all .4s ease-in-out}.pagination button.active[data-v-6372a716]{background-color:#fff}.pagination button[data-v-6372a716]:hover:not(.active){background-color:#dddbdb;border-color:#fcf6f6}.pagination button .pithiness[data-v-6372a716]{display:none}.products-grid[data-v-6372a716]{display:grid;grid-template-columns:repeat(4,minmax(0,1fr));justify-items:center;gap:1vw;background-color:#fff;padding:20px 14px;border:.8px solid #fff;border-radius:5px 0 5px 5px}.product-item[data-v-6372a716]{position:relative;height:23.5vw;border:4px solid #fff;box-shadow:1px 1px 3px rgba(0,0,0,.3);cursor:pointer}.product-image[data-v-6372a716]{width:100%;height:100%;aspect-ratio:1/2;position:absolute;top:0;left:0;z-index:100;backface-visibility:hidden;transition:all 1s ease-in-out;transform-origin:100% 100% 0}.product-item:hover .product-image[data-v-6372a716]{transform:perspective(900px) rotateY(180deg);backface-visibility:visible}.product-info[data-v-6372a716]{width:100%;height:100%;color:#fffe;background-color:rgba(59,175,218,.9);text-align:center;display:flex;flex-direction:column;justify-content:center;align-items:center;flex-wrap:wrap;text-shadow:#fff 0 0 1px,rgba(0,0,0,.3) 0 1px 2px}.product-info span[data-v-6372a716]{line-height:33px;font-weight:700;font-size:24px;letter-spacing:2px;border-bottom:2px solid hsla(0,0%,100%,.5);padding-bottom:4px}.product-info p[data-v-6372a716]{font-size:16px;font-weight:600;line-height:24px}.product-info i[data-v-6372a716]{font-size:1.8em}.modal[data-v-6372a716]{position:fixed;top:0;left:0;z-index:1099;width:100%;height:100%;background-color:rgba(0,0,0,.8);display:flex;justify-content:center;align-items:center;flex:0 1 auto}.modal img[data-v-6372a716]{max-width:100vw}.modal button[data-v-6372a716]{position:absolute;top:50%;transform:translateY(-50%);width:50px;height:50px;background:rgba(0,0,0,.3);border:none;padding:0;cursor:pointer;color:#fff;font-size:large}.modal button[data-v-6372a716]:hover{color:#d2691e}.modal button[data-v-6372a716]:first-child{left:0;border-radius:100px 0 0 100px}.modal button[data-v-6372a716]:last-child{right:0;border-radius:0 100px 100px 0}.modal button[data-v-6372a716]:nth-child(2){transform:translateX(var(--5f88cd1a)) translateY(var(--5f88cd18));border-radius:50px 50px 50px 50px}@m